list(N=1.01000E+02, y=c(1.65592E+01, 1.36391E+01, 4.26403E+00, 1.04704E+01, 4.99173E+00, 8.59798E+00, 1.08623E+01, 1.70311E+01, 9.21740E+00, 1.08147E+01, 1.45993E+01, 1.58457E+01, 1.96710E+01, 1.93410E+01, 9.02185E+00, 1.96321E+01, 1.11969E+01, 8.07555E+00, 1.88474E+01, 1.33433E+01, 2.27352E+01, 1.54217E+01, 1.61725E+01, 1.06962E+01, 1.02092E+01, 1.07345E+01, 1.30687E+01, 1.65133E+01, 2.02876E+01, 1.46945E+01, 1.13297E+01, 1.63002E+01, 1.73374E+01, 2.25903E+01, 2.20575E+01, 1.41498E+01, 1.27324E+01, 1.77790E+01, 1.23237E+01, 2.45915E+01, 1.98660E+01, 9.53461E+00, 1.80605E+01, 1.99474E+01, 2.77683E+01, 2.36240E+01, 2.80762E+01, 2.77162E+01, 1.74928E+01, 1.14561E+01, 2.35202E+01, 2.12021E+01, 2.39323E+01, 3.20192E+01, 3.04200E+01, 2.41303E+01, 3.09381E+01, 3.44438E+01, 2.43737E+01, 2.82997E+01, 2.78620E+01, 2.88315E+01, 3.06416E+01, 2.50001E+01, 2.69371E+01, 2.48325E+01, 2.48045E+01, 3.41150E+01, 2.39966E+01, 2.49943E+01, 3.97686E+01, 3.24176E+01, 2.80495E+01, 3.07563E+01, 3.78933E+01, 3.06172E+01, 2.67327E+01, 3.60150E+01, 2.52439E+01, 3.40165E+01, 2.88848E+01, 3.73947E+01, 3.76441E+01, 3.66024E+01, 2.76076E+01, 3.85322E+01, 3.50864E+01, 3.79383E+01, 3.17116E+01, 3.84116E+01, 3.84157E+01, 3.72263E+01, 4.12126E+01, 2.21003E+01, 4.93165E+01, 3.72028E+01, 4.02236E+01, 3.77485E+01, 3.91964E+01, 4.01307E+01, 4.24538E+01), x=c(0.00000E+00, 1.00000E-01, 2.00000E-01, 3.00000E-01, 4.00000E-01, 5.00000E-01, 6.00000E-01, 7.00000E-01, 8.00000E-01, 9.00000E-01, 1.00000E+00, 1.10000E+00, 1.20000E+00, 1.30000E+00, 1.40000E+00, 1.50000E+00, 1.60000E+00, 1.70000E+00, 1.80000E+00, 1.90000E+00, 2.00000E+00, 2.10000E+00, 2.20000E+00, 2.30000E+00, 2.40000E+00, 2.50000E+00, 2.60000E+00, 2.70000E+00, 2.80000E+00, 2.90000E+00, 3.00000E+00, 3.10000E+00, 3.20000E+00, 3.30000E+00, 3.40000E+00, 3.50000E+00, 3.60000E+00, 3.70000E+00, 3.80000E+00, 3.90000E+00, 4.00000E+00, 4.10000E+00, 4.20000E+00, 4.30000E+00, 4.40000E+00, 4.50000E+00, 4.60000E+00, 4.70000E+00, 4.80000E+00, 4.90000E+00, 5.00000E+00, 5.10000E+00, 5.20000E+00, 5.30000E+00, 5.40000E+00, 5.50000E+00, 5.60000E+00, 5.70000E+00, 5.80000E+00, 5.90000E+00, 6.00000E+00, 6.10000E+00, 6.20000E+00, 6.30000E+00, 6.40000E+00, 6.50000E+00, 6.60000E+00, 6.70000E+00, 6.80000E+00, 6.90000E+00, 7.00000E+00, 7.10000E+00, 7.20000E+00, 7.30000E+00, 7.40000E+00, 7.50000E+00, 7.60000E+00, 7.70000E+00, 7.80000E+00, 7.90000E+00, 8.00000E+00, 8.10000E+00, 8.20000E+00, 8.30000E+00, 8.40000E+00, 8.50000E+00, 8.60000E+00, 8.70000E+00, 8.80000E+00, 8.90000E+00, 9.00000E+00, 9.10000E+00, 9.20000E+00, 9.30000E+00, 9.40000E+00, 9.50000E+00, 9.60000E+00, 9.70000E+00, 9.80000E+00, 9.90000E+00, 1.00000E+01))
